#############################################################
ARAI VAN TRUCK Errors: 

Data Collection lasted for 68 minutes and 40.0 seconds.
Error checking completed within 0.3 seconds.
Finished checking on Thursday, 21. March 2019 03:32PM 
#############################################################
No Foto On Main Image:
No issues
-------------------------------------------------------------
Japanese Characters:
No issues
-------------------------------------------------------------
Unknown Year/Make/Model:
110615235, 110615249, 110618683, 110618649, 110618708, 110618647, 110618657, 110618709, 110618740, 110618720, 110618635, 110618013, 110618731, 110618637, 110615281, 110618553, 

Shuppin: 

3127, 4611, 4650, 4517, 4698, 4515, 4530, 4700, 4745, 4717, 4501, 4507, 4731, 4503, 4743, 3040, 
-------------------------------------------------------------
Unknown Chassis Prefix:
110618756, 

Shuppin: 

7512, 
-------------------------------------------------------------
No Transmission/Color/Fuel Type:
110615235, 110615232, 110615141, 110618683, 110615245, 110618649, 110618708, 110618715, 110618686, 110618647, 110618713, 110618734, 110618675, 110617940, 110617947, 110618709, 110618740, 110618704, 110618701, 110618720, 110618635, 110618738, 110618048, 110618041, 110618070, 110618037, 110618024, 110618013, 110618736, 110618731, 110618637, 110615281, 110618729, 110615261, 110615258, 110618585, 110618578, 110618735, 110618585, 110618578, 110618735, 110618722, 110621505, 110618700, 110618665, 110615170, 110618756, 110618553, 110618747, 

Shuppin: 

3127, 3052, 3116, 4650, 4606, 4517, 4698, 4707, 4662, 4515, 4705, 4735, 4627, 3027, 3042, 4700, 4745, 4692, 4688, 4717, 4501, 4740, 4725, 4684, 8314, 4657, 4628, 4507, 4737, 4731, 4503, 4743, 4729, 4641, 4630, 3100, 3092, 4736, 3100, 3092, 4736, 4720, 4748, 4687, 4538, 7009, 7512, 3040, 7503, 
-------------------------------------------------------------
No Equipment:
No issues
-------------------------------------------------------------
Missing Yor:
No issues
-------------------------------------------------------------
No Yor Image:
110618742, 110618744, 110615169, 110615183, 110615178, 110615235, 110615238, 110615229, 110615237, 110615232, 110615228, 110615167, 110617928, 110618021, 110618018, 110618064, 110615231, 110615233, 110615144, 110615141, 110615143, 110615268, 110615254, 110615249, 110615278, 110615273, 110618674, 110615280, 110615276, 110615256, 110615267, 110615134, 110615138, 110618683, 110615274, 110615282, 110615279, 110615275, 110615293, 110615277, 110615245, 110615269, 110618803, 110618692, 110618707, 110618697, 110618649, 110618708, 110618715, 110618686, 110618717, 110618671, 110618681, 110618691, 110618670, 110618694, 110618647, 110618713, 110618698, 110618734, 110618675, 110618076, 110615287, 110617976, 110617987, 110617954, 110617982, 110617924, 110617999, 110618000, 110617925, 110617975, 110617956, 110618008, 110618006, 110617967, 110617997, 110618001, 110618007, 110618010, 110618688, 110618723, 110618685, 110618727, 110618689, 110618668, 110618643, 110618653, 110618659, 110617979, 110617973, 110618693, 110618799, 110618703, 110618676, 110618721, 110618726, 110618661, 110618654, 110617940, 110617974, 110617932, 110617990, 110617937, 110617991, 110617933, 110617935, 110617931, 110617993, 110617953, 110617986, 110617964, 110617951, 110617988, 110617972, 110617938, 110617949, 110617930, 110617966, 110617968, 110617927, 110617983, 110617969, 110617981, 110617922, 110617963, 110618073, 110618074, 110617971, 110617948, 110617943, 110617952, 110617946, 110617985, 110617941, 110617957, 110617929, 110617977, 110617920, 110617970, 110617965, 110617992, 110617998, 110618005, 110618009, 110617950, 110617926, 110617945, 110617996, 110617994, 110618011, 110617995, 110617923, 110617919, 110615288, 110618718, 110617942, 110617947, 110617980, 110618003, 110618730, 110618042, 110618035, 110618050, 110618030, 110618012, 110618014, 110618047, 110618025, 110618045, 110618029, 110618016, 110618015, 110618049, 110618022, 110618657, 110618533, 110618709, 110618677, 110618684, 110618690, 110618666, 110618658, 110618695, 110618802, 110618710, 110618740, 110618705, 110618696, 110618704, 110618800, 110618701, 110618719, 110618720, 110618673, 110618678, 110618706, 110618732, 110618711, 110618712, 110618687, 110618702, 110618680, 110618724, 110618641, 110618655, 110618714, 110618645, 110618642, 110618651, 110618646, 110618636, 110618638, 110618652, 110618648, 110618656, 110618635, 110618798, 110618725, 110618716, 110618672, 110618738, 110618048, 110618028, 110618041, 110618070, 110618040, 110618023, 110618017, 110618068, 110617921, 110618640, 110618650, 110618034, 110618026, 110618027, 110618032, 110618031, 110618065, 110618067, 110618037, 110618024, 110618039, 110618038, 110618063, 110618072, 110618046, 110618019, 110618044, 110618062, 110618071, 110618069, 110618043, 110618013, 110618662, 110618663, 110618736, 110618660, 110618801, 110618731, 110618737, 110618733, 110618637, 110620654, 110615242, 110615281, 110615265, 110618739, 110618741, 110615186, 110615160, 110615158, 110615150, 110615133, 110615142, 110615286, 110615177, 110615174, 110615171, 110615157, 110615173, 110615187, 110615236, 110615188, 110618002, 110618004, 110617961, 110617936, 110615161, 110618682, 110618729, 110615139, 110620655, 110618066, 110615261, 110615258, 110615252, 110615264, 110615271, 110615247, 110615244, 110615262, 110615248, 110615259, 110615253, 110615270, 110615250, 110615243, 110615246, 110615251, 110615260, 110615263, 110618075, 110618033, 110618056, 110615163, 110615172, 110618602, 110618580, 110618570, 110618552, 110618600, 110618587, 110618624, 110618572, 110618540, 110618541, 110618629, 110618566, 110618558, 110618583, 110618567, 110618612, 110618588, 110618543, 110618594, 110618608, 110618596, 110618545, 110618610, 110618532, 110618586, 110618611, 110618556, 110618599, 110618574, 110618576, 110618589, 110618534, 110618539, 110618551, 110618582, 110618569, 110618548, 110618595, 110618559, 110618538, 110618544, 110618554, 110618561, 110618555, 110618563, 110618571, 110618633, 110618621, 110618618, 110618573, 110618536, 110618616, 110618546, 110618623, 110618550, 110618557, 110618585, 110618578, 110618565, 110618577, 110618607, 110618542, 110618560, 110618597, 110618593, 110618537, 110618579, 110618603, 110618591, 110618581, 110618613, 110618628, 110618614, 110618615, 110618622, 110618617, 110618619, 110618625, 110618598, 110618620, 110618562, 110618735, 110618699, 110618573, 110618536, 110618616, 110618546, 110618623, 110621537, 110618550, 110618557, 110618585, 110618578, 110618565, 110618577, 110618607, 110618542, 110618560, 110618597, 110621497, 110618593, 110618537, 110618579, 110618603, 110618591, 110618581, 110618613, 110618628, 110618614, 110618615, 110618622, 110621493, 110618617, 110618619, 110618625, 110618598, 110618620, 110618562, 110618735, 110618699, 110618679, 110615285, 110615290, 110615291, 110615176, 110615272, 110615255, 110615266, 110618743, 110618722, 110621505, 110618700, 110618728, 110615162, 110615184, 110615156, 110618052, 110615132, 110615130, 110618053, 110615168, 110618665, 110615240, 110615241, 110615164, 110617989, 110617959, 110617955, 110617958, 110615230, 110615239, 110615284, 110618055, 110615159, 110615179, 110615185, 110615180, 110615152, 110615153, 110615170, 110615289, 110618051, 110615234, 110618756, 110615283, 110615175, 110617978, 110617960, 110617934, 110618553, 110618644, 110618667, 110618639, 110621544, 110615148, 110615151, 110615155, 110615140, 110618634, 110615145, 110618535, 110618609, 110618584, 110615136, 110618601, 110615146, 110618605, 110618804, 110618575, 110618805, 110618590, 110618606, 110618564, 110621538, 110618568, 110618592, 110618549, 110615137, 110615131, 110618547, 110618604, 110618630, 110615154, 110618627, 110615149, 110620657, 110621531, 110618626, 110621539, 110618631, 110618531, 110621495, 110618632, 110615147, 110615292, 110618747, 110620656, 110615181, 110615165, 110615182, 110615166, 

Shuppin: 

7015, 7031, 7008, 7030, 7024, 3127, 3155, 3006, 3142, 3052, 2704, 7006, 2822, 4622, 4543, 8305, 3043, 3073, 3156, 3116, 3152, 4669, 4619, 4611, 4718, 4685, 4625, 4742, 4713, 4621, 4665, 3023, 3068, 4650, 4691, 4746, 4739, 4693, 8315, 4715, 4606, 4670, 8318, 4672, 4697, 4680, 4517, 4698, 4707, 4662, 4709, 4612, 4645, 4671, 4607, 4676, 4515, 4705, 4681, 4735, 4627, 8503, 7013, 3134, 3158, 3060, 3145, 2709, 4411, 4412, 2710, 3133, 3062, 4439, 4425, 3106, 4407, 4414, 4430, 4444, 4664, 4721, 4661, 4727, 4667, 4541, 4511, 4522, 4532, 3140, 3130, 4675, 8306, 4690, 4631, 4719, 4726, 4534, 4524, 3027, 3132, 3008, 3165, 3019, 3166, 3012, 3015, 3005, 3168, 3059, 3154, 3086, 3049, 3160, 3122, 3022, 3045, 3003, 3103, 3107, 2713, 3146, 3112, 3143, 2706, 3084, 8320, 8322, 3119, 3044, 3036, 3053, 3041, 3153, 3033, 3064, 3002, 3136, 2505, 3118, 3097, 3167, 4410, 4424, 4442, 3046, 2711, 3039, 4406, 4403, 4445, 4404, 2707, 2503, 7017, 4711, 3035, 3042, 3141, 4419, 4730, 4694, 4655, 4747, 4643, 4506, 4520, 4724, 4629, 4710, 4639, 4525, 4523, 4734, 4623, 4530, 2504, 4700, 4632, 4654, 4668, 4539, 4531, 4677, 8317, 4701, 4745, 4695, 4678, 4692, 8310, 4688, 4712, 4717, 4617, 4634, 4696, 4732, 4703, 4704, 4663, 4689, 4644, 4722, 4509, 4526, 4706, 4513, 4510, 4519, 4514, 4502, 4504, 4521, 4516, 4529, 4501, 8303, 4723, 4708, 4613, 4740, 4725, 4638, 4684, 8314, 4683, 4626, 4542, 8311, 2506, 4508, 4518, 4653, 4635, 4636, 4651, 4648, 8307, 8309, 4657, 4628, 4673, 4658, 8304, 8319, 4716, 4601, 4702, 8301, 8316, 8312, 4699, 4507, 4535, 4536, 4737, 4533, 8313, 4731, 4738, 4733, 4503, 8505, 4527, 4743, 4659, 4741, 6785, 7036, 6710, 6706, 4427, 3017, 3131, 7012, 7023, 7016, 7010, 6705, 7014, 8502, 3128, 8504, 4415, 4420, 3080, 3016, 6711, 4646, 4729, 3091, 8507, 8308, 4641, 4630, 4616, 4649, 4679, 4609, 4605, 4642, 4610, 4633, 4618, 4674, 4614, 4604, 4608, 4615, 4640, 4647, 8501, 4652, 7020, 6714, 7011, 3129, 3094, 3077, 3038, 3125, 3102, 4431, 3082, 3010, 3011, 4443, 3072, 3056, 3098, 3074, 3162, 3104, 3020, 3115, 3149, 3120, 3024, 3151, 2502, 3101, 3161, 3051, 3124, 3085, 3089, 3105, 2701, 3009, 3034, 3096, 3076, 3029, 3117, 3057, 3004, 3021, 3048, 3063, 3050, 3069, 3079, 4450, 4422, 4417, 3083, 2703, 4413, 3026, 4429, 3031, 3055, 3100, 3092, 3071, 3090, 3147, 3014, 3058, 3121, 3111, 2708, 3093, 3135, 3109, 3095, 4401, 4437, 4405, 4408, 4423, 4416, 4418, 4433, 3123, 4421, 3066, 4736, 4686, 3083, 2703, 4413, 3026, 4429, 8710, 3031, 3055, 3100, 3092, 3071, 3090, 3147, 3014, 3058, 3121, 1016, 3111, 2708, 3093, 3135, 3109, 3095, 4401, 4437, 4405, 4408, 4423, 1012, 4416, 4418, 4433, 3123, 4421, 3066, 4736, 4686, 4637, 7005, 7029, 7032, 7021, 4682, 4620, 4660, 7019, 4720, 4748, 4687, 4728, 6712, 7033, 6704, 6707, 3001, 2705, 6708, 7007, 4538, 4440, 4441, 7001, 3163, 3067, 3061, 3065, 3007, 4402, 6703, 7003, 6709, 7025, 7034, 7026, 4432, 4434, 7009, 7022, 6702, 3113, 7512, 6701, 7018, 3139, 3078, 3013, 3040, 4512, 4540, 4505, 8718, 4409, 4428, 4448, 3114, 4451, 3157, 2702, 3150, 3099, 3047, 3126, 3159, 3138, 8321, 3088, 8323, 3108, 3144, 3070, 8711, 3075, 3110, 3030, 3054, 2712, 3028, 3137, 4446, 4438, 4436, 4426, 8705, 8703, 4435, 8712, 4447, 2501, 1014, 4449, 3164, 7035, 7503, 8511, 7027, 7002, 7028, 7004, 
-------------------------------------------------------------
Additional Photos Show 'No Foto':
110618071, 110620654, 110615281, 110615187, 110620655, 110618075, 110618756, 110620657, 110620656, 

Shuppin: 

8316, 8505, 4743, 8502, 8507, 8501, 7512, 8705, 8511, 
-------------------------------------------------------------
No Auction Sheet:
No issues
-------------------------------------------------------------
