#############################################################
CAA GIFU Errors: 

Data Collection lasted for 1943.4 seconds.
Finished checking on Tuesday, 05. March 2019 08:29AM 
#############################################################
Japanese Characters:
No issues
-------------------------------------------------------------------------------
Unknown Year/Make/Model:
110193000,
110193310,
110206581,
110192374,
-------------------------------------------------------------------------------
Unknown Chassis Prefix:
No issues
-------------------------------------------------------------------------------
No Transmission/Color/Fuel Type:
110193000,
110193310,
110206581,
110192670,
110192374,
-------------------------------------------------------------------------------
No Equipment:
No issues
-------------------------------------------------------------------------------
Missing Yor:
No issues
-------------------------------------------------------------------------------
No Yor Image:
110208668,
110208676,
110208652,
110208644,
110208650,
110208651,
110208669,
110208659,
110208707,
110208671,
110208673,
110208665,
110208708,
110208599,
110208674,
110208667,
110208634,
110208635,
110208573,
110208627,
110208621,
110208694,
110208631,
110208624,
110208695,
110208632,
110208661,
110208633,
110208606,
110208672,
110208662,
110208640,
110208663,
110208658,
110208638,
110208655,
110208646,
110208642,
110208648,
110208641,
110208697,
110208699,
110208691,
110208685,
110208587,
110208696,
110208702,
110208592,
110208630,
110208615,
110192398,
110208693,
110208602,
110208604,
110208678,
110208611,
110208617,
110208597,
110208709,
110208589,
110208704,
110208706,
110208679,
110208618,
110208576,
110208613,
110208629,
110208575,
110208680,
110208686,
110208578,
110208622,
110208583,
110208684,
110208614,
110208585,
110208584,
110208577,
110208586,
110208700,
110208590,
110208628,
110208612,
110208625,
110208579,
110208653,
110208603,
110208596,
110208688,
110208608,
110208601,
110208683,
110208701,
110208687,
110208619,
110208692,
110208681,
110208616,
110208626,
110208588,
110208620,
110208580,
110208647,
110208609,
110208666,
110208636,
110208605,
110208698,
110208670,
110208664,
110208705,
110208654,
110208637,
110208645,
110208690,
110208689,
110208682,
110208574,
110208593,
110208703,
110208675,
110208657,
110208656,
110208607,
110208582,
110208581,
110208639,
110208643,
110208594,
110208677,
110208610,
110208649,
110208595,
110208660,
110208598,
110208600,
-------------------------------------------------------------------------------
