#############################################################
USS SAPPORO Errors: 

Data Collection lasted for 2 minutes and 20.5 seconds.
Error checking completed within 8 minutes and 1.4 seconds.
Finished checking on Tuesday, 02. April 2019 08:41PM 
#############################################################
No Foto On Main Image:
No issues
-------------------------------------------------------------
Japanese Characters:
No issues
-------------------------------------------------------------
Unknown Year/Make/Model:
No issues
-------------------------------------------------------------
Unknown Chassis Prefix:
No issues
-------------------------------------------------------------
No Transmission/Color/Fuel Type:
110913692, 110907927, 110907457, 110914059, 

Shuppin: 

6508, 9503, 289, 86, 
-------------------------------------------------------------
No Equipment:
No issues
-------------------------------------------------------------
Missing Yor:
No issues
-------------------------------------------------------------
No Yor Image:
110915629, 110906753, 110914054, 110917059, 110913802, 110906764, 110913846, 110907806, 110917086, 110914113, 110917110, 110913450, 110914041, 110913965, 110913466, 110907455, 110913377, 110914072, 110914049, 110906729, 110907774, 110906758, 110913827, 110913999, 110907783, 110906740, 110906634, 110914036, 110919541, 110913811, 110907802, 110914079, 110907856, 110913694, 110907803, 110907862, 110906736, 110914043, 110914051, 110915594, 110914052, 110914053, 110913970, 110914046, 110907096, 110906761, 110906628, 110917061, 110914040, 110906752, 110906749, 110907792, 110915662, 110913570, 110907195, 110906747, 110913640, 110907072, 110907763, 110913314, 110917194, 110906734, 110906741, 110906616, 110907413, 110913740, 110914033, 110906608, 110914002, 110913692, 110907927, 110906746, 110914031, 110914032, 110906742, 110907457, 110913261, 110913697, 110919828, 110906757, 110919916, 110913645, 110906763, 110906754, 110906739, 110914045, 110913783, 110919529, 110907421, 110907073, 110913815, 110906629, 110906743, 110915584, 110913755, 110906706, 110913956, 110907739, 110907742, 110913719, 110907199, 110914048, 110913451, 110907055, 110907893, 110919856, 110917175, 110913417, 110919874, 110906737, 110913114, 110913736, 110914059, 110907060, 110919812, 110907026, 110915595, 110907098, 110907522, 110913429, 110915530, 110906656, 110907920, 110906632, 110914005, 110906950, 110907538, 110906905, 110906569, 110913881, 110919805, 110913200, 110907810, 110913172, 110913728, 110913714, 110915592, 110907535, 110907137, 110915635, 110907456, 110913338, 110906921, 110914055, 110913317, 110913580, 110913275, 110913384, 110907514, 110907757, 110907808, 110906579, 110913872, 110913146, 110906526, 110913302, 110906592, 110913189, 110906911, 110907489, 110907416, 110907066, 110913256, 110914085, 110913996, 110907772, 110906601, 110913351, 110915630, 110914080, 110907128, 110907859, 110913230, 110907919, 110913654, 110907030, 110907174, 110907147, 110907748, 110907895, 110907138, 110913468, 110914133, 110913388, 110913444, 110907479, 110913334, 110907196, 110907093, 110907884, 110913346, 110913493, 110907412, 110907805, 110906574, 110913306, 110913792, 110914024, 110915616, 110907873, 110915627, 110907157, 110919951, 110917105, 110917115, 110913685, 110907458, 110913210, 110913366, 110913981, 110906903, 110919811, 110907151, 110907878, 110913386, 110913131, 110913878, 110913154, 110906537, 110907747, 110913902, 110907130, 110913626, 110907065, 110913835, 110913828, 110913228, 110915533, 110913107, 110915612, 110907795, 110913249, 110913724, 110914016, 110907435, 110913299, 110906998, 110907001, 110906559, 110906664, 110906912, 110906985, 110907425, 110913301, 110906974, 110907804, 110913969, 110907165, 110919884, 110919925, 110913135, 110913634, 110919879, 110919895, 110906965, 110913158, 110913155, 110906959, 110913218, 110906600, 110913445, 110915577, 110913735, 110913673, 110915520, 110913320, 110913316, 110913642, 110915548, 110913361, 110913254, 110906690, 110907171, 110913903, 110906993, 110906555, 110907839, 110906954, 110913352, 110913733, 110907852, 110907159, 110913922, 110913997, 110913750, 110907762, 110907914, 110913696, 110907427, 110913253, 110915526, 110906661, 110913300, 110919868, 110907482, 110919859, 110917196, 110917153, 110913323, 110913462, 

Shuppin: 

77090, 8031, 8058, 70153, 70156, 8049, 72064, 72065, 85118, 9108, 85168, 477, 8042, 77298, 494, 271, 356, 9029, 8053, 77287, 70071, 8038, 72019, 77333, 72005, 8012, 77143, 8024, 77136, 70171, 72057, 9042, 77078, 7, 72059, 77089, 8007, 8046, 8055, 591, 8056, 8057, 77304, 8050, 206, 8041, 77133, 70167, 8037, 8030, 8025, 72018, 85039, 522, 87, 8022, 558, 155, 70047, 208, 85337, 8003, 8014, 77117, 137, 70089, 8013, 77104, 77336, 6508, 9503, 8021, 8006, 8011, 8016, 289, 119, 70004, 85010, 8036, 85229, 564, 8045, 8032, 8010, 8048, 70134, 569, 181, 157, 70176, 77135, 8018, 565, 70104, 77249, 77280, 70005, 70010, 70053, 92, 8052, 478, 125, 9037, 85089, 85304, 405, 85131, 8008, 10036, 70085, 86, 131, 71015, 10286, 593, 213, 451, 433, 10374, 77181, 9084, 77141, 77339, 10098, 487, 10024, 10273, 77045, 70141, 10271, 72071, 10206, 70070, 70043, 588, 476, 283, 80013, 280, 264, 10055, 81, 211, 524, 160, 367, 438, 70036, 72068, 10322, 77027, 10127, 10014, 2015, 10344, 10241, 10035, 392, 145, 146, 108, 9060, 77330, 70065, 77093, 293, 77264, 9049, 265, 77081, 10382, 9083, 576, 103, 5, 303, 70018, 9043, 284, 496, 97, 373, 464, 363, 253, 88, 2, 9021, 282, 505, 134, 72062, 10290, 2026, 70144, 78, 71012, 9003, 76, 325, 85310, 85160, 85175, 6051, 291, 10299, 330, 77315, 10022, 71007, 314, 9010, 370, 10082, 77041, 10148, 10209, 70017, 77101, 27, 541, 144, 72036, 72024, 10379, 10377, 10019, 71005, 72022, 10406, 70061, 77350, 2020, 2012, 10171, 10175, 10255, 77192, 10037, 10152, 2001, 2014, 10135, 72060, 77303, 35, 85150, 85250, 10092, 550, 85138, 85178, 10122, 10161, 10150, 10112, 10316, 10357, 466, 531, 70084, 6029, 10362, 221, 21, 56, 515, 317, 105, 77228, 44, 77102, 10164, 10247, 77047, 10101, 297, 70082, 77070, 33, 77165, 77331, 70099, 70045, 9075, 70003, 2004, 10410, 10369, 77188, 2013, 85117, 372, 85095, 85339, 85247, 229, 490, 
-------------------------------------------------------------
Additional Photos Show 'No Foto':
No issues
-------------------------------------------------------------
No Auction Sheet:
No issues
-------------------------------------------------------------
