#############################################################
USS SAPPORO Errors: 

Data Collection lasted for 9 minutes and 28.3 seconds.
Error checking completed within 0.1 seconds.
Finished checking on Tuesday, 19. March 2019 07:06PM 
#############################################################
Japanese Characters:
No issues
-------------------------------------------------------------
Unknown Year/Make/Model:
110564236, 110559447, 

Shuppin: 

6513, 6507, 
-------------------------------------------------------------
Unknown Chassis Prefix:
No issues
-------------------------------------------------------------
No Transmission/Color/Fuel Type:
110560694, 110564236, 110559447, 

Shuppin: 

9149, 6513, 6507, 
-------------------------------------------------------------
No Equipment:
No issues
-------------------------------------------------------------
Missing Yor:
No issues
-------------------------------------------------------------
No Yor Image:
110559837, 110559803, 110560758, 110560030, 110554804, 110554660, 110559990, 110559967, 110559853, 110554280, 110560214, 110553873, 110554382, 110562217, 110553382, 110564391, 110554057, 110554395, 110560180, 110560399, 110560372, 110560322, 110553201, 110560727, 110554328, 110554430, 110554454, 110555256, 110560274, 110560619, 110553081, 110560273, 110559998, 110554639, 110555304, 110555285, 110554812, 110554712, 110559946, 110559969, 110560347, 110564444, 110553035, 110559861, 110559852, 110554097, 110559860, 110559831, 110562205, 110553854, 110554091, 110559825, 110555204, 110564403, 110553938, 110555169, 110559839, 110559949, 110554186, 110553106, 110554803, 110560009, 110559955, 110559832, 110560694, 110555122, 110562211, 110564327, 110564399, 110564395, 110559849, 110560755, 110559843, 110559854, 110559964, 110559962, 110559959, 110560166, 110568470, 110553419, 110559951, 110564410, 110562207, 110553326, 110554223, 110562206, 110554261, 110560019, 110560484, 110559763, 110554664, 110553489, 110560003, 110564404, 110555174, 110555167, 110560643, 110564408, 110554171, 110553682, 110564346, 110559868, 110559958, 110559850, 110559836, 110559957, 110559790, 110559866, 110564236, 110554428, 110559950, 110562212, 110554861, 110559828, 110554710, 110559823, 110560673, 110562218, 110559859, 110553188, 110564402, 110560001, 110553074, 110553184, 110560083, 110553486, 110553333, 110553036, 110553479, 110564413, 110560460, 110553870, 110553551, 110553743, 110560692, 110555166, 110555297, 110559869, 110560736, 110559827, 110559960, 110564407, 110562214, 110562216, 110559787, 110555104, 110559838, 110559842, 110560032, 110560024, 110554103, 110555293, 110554851, 110559981, 110559829, 110559840, 110562213, 110559944, 110554810, 110559972, 110559835, 110562210, 110559844, 110559863, 110559954, 110553057, 110554305, 110559748, 110559890, 110554667, 110553280, 110553849, 110554231, 110553319, 110560400, 110560623, 110555191, 110560375, 110553841, 110560151, 110560533, 110553554, 110560742, 110553992, 110553306, 110560187, 110554386, 110554039, 110553982, 110559857, 110559856, 110559961, 110559447, 110558644, 110554682, 110555281, 110555280, 110553855, 110553941, 110559760, 

Shuppin: 

74019, 72066, 9222, 8049, 77068, 1036, 8042, 8032, 74036, 85329, 85821, 312, 85452, 74069, 85033, 77598, 511, 85468, 85778, 86047, 86013, 85953, 80198, 9186, 85386, 85509, 85539, 937, 85893, 9066, 80056, 85892, 80427, 1013, 992, 969, 77078, 726, 8006, 8034, 85982, 977, 80003, 74044, 74035, 562, 74043, 74011, 74056, 290, 555, 74005, 874, 8004, 382, 829, 74021, 8010, 665, 80088, 77067, 8044, 8018, 74012, 9149, 77467, 74062, 77118, 77608, 77603, 74032, 9219, 74025, 74037, 8029, 8027, 8022, 85761, 9269, 85078, 8012, 9170, 74058, 80356, 85175, 74057, 85306, 8046, 86144, 72019, 20003, 85168, 80433, 8009, 836, 827, 9096, 8026, 646, 107, 77539, 74052, 8021, 74033, 74018, 8020, 72051, 74050, 6513, 85507, 8011, 74063, 77136, 74008, 722, 74001, 9127, 74070, 74042, 80182, 8003, 80431, 80047, 80178, 85661, 85165, 80365, 80004, 85155, 9192, 86118, 309, 85243, 173, 9146, 826, 983, 74053, 9196, 74007, 8023, 8025, 74066, 74068, 72048, 77444, 74020, 74024, 8051, 80466, 568, 979, 77124, 8041, 74009, 74022, 74065, 8002, 77076, 8039, 74017, 74061, 74027, 74046, 8017, 80027, 85358, 72001, 77475, 20008, 80296, 286, 85271, 80347, 86048, 9072, 858, 86016, 277, 85745, 86203, 85248, 9204, 440, 80329, 85788, 85458, 491, 430, 74040, 74039, 8024, 6507, 10060, 687, 964, 963, 291, 386, 72016, 
-------------------------------------------------------------
Image Show No Foto:
No issues
-------------------------------------------------------------
No Auction Sheet:
No issues
-------------------------------------------------------------
